Escenario 1: Palabras codigo de 9 digitos

	Simbolo		Informacion
	000000000		10.188177
	000000001		10.188177
	000000010		9.773139
	000000011		8.965784
	000000100		8.072700
	000000101		10.188177
	000000110		9.188177
	000000111		9.451211
	000001000		9.773139
	000001001		9.188177
	000001010		8.773139
	000001011		9.188177
	000001100		10.773139
	000001101		9.773139
	000001110		8.773139
	000001111		8.188177
	000010000		8.451211
	000010001		8.965784
	000010010		8.313707
	000010011		8.965784
	000010100		8.773139
	000010101		9.773139
	000010110		8.965784
	000010111		9.773139
	000011000		8.188177
	000011001		8.773139
	000011010		8.188177
	000011011		10.188177
	000011100		8.773139
	000011101		9.451211
	000011110		8.603214
	000011111		8.965784
	000100000		9.188177
	000100001		9.451211
	000100010		9.773139
	000100011		9.188177
	000100100		9.451211
	000100101		9.773139
	000100110		8.603214
	000100111		8.965784
	000101000		9.451211
	000101001		8.603214
	000101010		9.451211
	000101011		8.603214
	000101100		8.603214
	000101101		8.965784
	000101110		7.965784
	000101111		8.603214
	000110000		8.313707
	000110001		10.773139
	000110010		8.965784
	000110011		9.451211
	000110100		9.451211
	000110101		9.773139
	000110110		8.313707
	000110111		10.188177
	000111000		7.965784
	000111001		8.965784
	000111010		9.773139
	000111011		9.451211
	000111100		7.965784
	000111101		8.603214
	000111110		10.188177
	000111111		8.603214
	001000000		9.773139
	001000001		8.773139
	001000010		8.965784
	001000011		8.603214
	001000100		9.451211
	001000101		8.773139
	001000110		8.773139
	001000111		8.773139
	001001000		9.451211
	001001001		8.603214
	001001010		9.188177
	001001011		9.451211
	001001100		9.773139
	001001101		8.773139
	001001110		8.773139
	001001111		8.965784
	001010000		9.773139
	001010001		9.773139
	001010010		9.451211
	001010011		8.603214
	001010100		9.188177
	001010101		10.773139
	001010110		9.773139
	001010111		8.603214
	001011000		9.773139
	001011001		8.773139
	001011010		9.451211
	001011011		8.773139
	001011100		8.965784
	001011101		8.965784
	001011110		9.451211
	001011111		9.451211
	001100000		8.451211
	001100001		9.451211
	001100010		8.313707
	001100011		10.188177
	001100100		8.313707
	001100101		8.773139
	001100110		9.188177
	001100111		9.188177
	001101000		9.773139
	001101001		8.965784
	001101010		8.773139
	001101011		8.965784
	001101100		8.773139
	001101101		9.188177
	001101110		9.188177
	001101111		8.965784
	001110000		9.451211
	001110001		8.773139
	001110010		8.603214
	001110011		9.188177
	001110100		8.773139
	001110101		8.603214
	001110110		8.965784
	001110111		9.451211
	001111000		8.313707
	001111001		8.773139
	001111010		9.451211
	001111011		8.451211
	001111100		11.773139
	001111101		9.451211
	001111110		9.188177
	001111111		8.451211
	010000000		9.188177
	010000001		8.603214
	010000010		7.866249
	010000011		8.603214
	010000100		8.965784
	010000101		10.188177
	010000110		8.451211
	010000111		9.773139
	010001000		8.603214
	010001001		10.773139
	010001010		9.188177
	010001011		9.451211
	010001100		9.188177
	010001101		9.188177
	010001110		8.451211
	010001111		9.188177
	010010000		8.965784
	010010001		9.773139
	010010010		8.451211
	010010011		9.188177
	010010100		8.773139
	010010101		10.188177
	010010110		9.773139
	010010111		9.773139
	010011001		8.965784
	010011010		8.451211
	010011011		8.965784
	010011100		8.072700
	010011101		8.773139
	010011110		9.773139
	010011111		8.773139
	010100000		9.451211
	010100001		9.451211
	010100010		8.603214
	010100011		8.603214
	010100100		9.451211
	010100101		8.965784
	010100110		9.188177
	010100111		9.451211
	010101000		9.451211
	010101001		8.773139
	010101010		9.451211
	010101011		9.773139
	010101100		8.313707
	010101101		8.188177
	010101110		9.188177
	010101111		10.188177
	010110000		9.188177
	010110001		8.773139
	010110010		8.603214
	010110011		10.188177
	010110100		9.188177
	010110101		9.451211
	010110110		9.451211
	010110111		9.188177
	010111000		8.188177
	010111001		9.773139
	010111010		9.773139
	010111011		9.451211
	010111100		8.603214
	010111101		8.773139
	010111110		9.451211
	010111111		9.451211
	011000000		9.773139
	011000001		9.451211
	011000010		8.451211
	011000011		9.188177
	011000100		8.773139
	011000101		8.965784
	011000110		10.188177
	011000111		8.313707
	011001000		10.188177
	011001001		10.188177
	011001010		9.188177
	011001011		8.773139
	011001100		8.188177
	011001101		8.965784
	011001110		8.773139
	011001111		8.773139
	011010000		8.773139
	011010001		8.965784
	011010010		9.773139
	011010011		8.072700
	011010100		8.773139
	011010101		9.451211
	011010110		9.451211
	011010111		8.773139
	011011000		8.603214
	011011001		8.603214
	011011010		9.188177
	011011011		8.451211
	011011100		8.603214
	011011101		9.451211
	011011110		10.188177
	011011111		9.188177
	011100000		10.188177
	011100001		9.188177
	011100010		8.773139
	011100011		8.603214
	011100100		8.451211
	011100101		10.188177
	011100110		9.773139
	011100111		8.603214
	011101000		8.773139
	011101001		9.451211
	011101010		8.965784
	011101011		8.773139
	011101100		8.313707
	011101101		9.188177
	011101110		9.188177
	011101111		8.773139
	011110000		8.965784
	011110001		8.773139
	011110010		8.603214
	011110011		9.188177
	011110100		8.313707
	011110101		8.773139
	011110110		8.313707
	011110111		8.603214
	011111000		8.451211
	011111001		9.773139
	011111010		9.188177
	011111011		8.965784
	011111100		10.188177
	011111101		10.188177
	011111110		10.188177
	011111111		8.188177
	100000000		8.965784
	100000001		8.188177
	100000010		8.603214
	100000011		8.773139
	100000100		10.188177
	100000101		9.773139
	100000110		9.188177
	100000111		9.451211
	100001000		8.451211
	100001001		8.965784
	100001010		9.188177
	100001011		8.965784
	100001100		10.188177
	100001101		9.773139
	100001110		9.451211
	100001111		8.773139
	100010000		8.965784
	100010001		9.188177
	100010010		9.773139
	100010011		9.773139
	100010100		10.773139
	100010101		9.773139
	100010110		8.965784
	100010111		9.188177
	100011000		9.188177
	100011001		9.451211
	100011010		8.451211
	100011011		8.603214
	100011100		8.603214
	100011101		8.965784
	100011110		8.773139
	100011111		10.188177
	100100000		8.773139
	100100001		9.188177
	100100010		8.965784
	100100011		9.451211
	100100100		9.451211
	100100101		9.188177
	100100110		9.188177
	100100111		9.773139
	100101000		9.773139
	100101001		10.188177
	100101010		10.773139
	100101011		9.451211
	100101100		10.188177
	100101101		8.313707
	100101110		8.773139
	100101111		9.188177
	100110000		8.773139
	100110001		8.773139
	100110010		8.773139
	100110011		8.603214
	100110100		9.773139
	100110101		8.603214
	100110110		8.603214
	100110111		9.188177
	100111000		9.451211
	100111001		11.773139
	100111010		9.451211
	100111011		8.313707
	100111100		8.965784
	100111101		9.451211
	100111110		9.451211
	100111111		8.965784
	101000000		8.313707
	101000001		7.866249
	101000010		9.773139
	101000011		10.773139
	101000100		9.773139
	101000101		8.965784
	101000110		9.188177
	101000111		9.451211
	101001000		8.773139
	101001001		8.965784
	101001010		9.451211
	101001011		9.451211
	101001100		8.313707
	101001101		8.313707
	101001110		8.965784
	101001111		8.188177
	101010000		9.188177
	101010001		10.188177
	101010010		9.451211
	101010011		9.451211
	101010100		8.072700
	101010101		8.965784
	101010110		11.773139
	101010111		9.451211
	101011000		9.773139
	101011001		9.188177
	101011010		9.188177
	101011011		8.313707
	101011100		8.773139
	101011101		8.603214
	101011110		8.965784
	101011111		9.188177
	101100000		8.773139
	101100001		8.965784
	101100010		8.451211
	101100011		8.965784
	101100100		9.451211
	101100101		9.188177
	101100110		8.965784
	101100111		10.188177
	101101000		8.313707
	101101001		9.451211
	101101010		9.188177
	101101011		8.965784
	101101100		9.773139
	101101101		8.965784
	101101110		8.773139
	101101111		8.773139
	101110000		8.965784
	101110001		8.965784
	101110010		8.603214
	101110011		8.965784
	101110100		10.188177
	101110101		8.313707
	101110110		8.313707
	101110111		9.451211
	101111000		7.866249
	101111001		8.188177
	101111010		9.188177
	101111011		8.773139
	101111100		8.603214
	101111101		8.773139
	101111110		8.965784
	101111111		8.773139
	110000000		8.603214
	110000001		8.188177
	110000010		8.603214
	110000011		8.451211
	110000100		9.188177
	110000101		9.773139
	110000110		8.965784
	110000111		8.188177
	110001000		8.188177
	110001001		8.313707
	110001010		9.451211
	110001011		9.451211
	110001100		8.451211
	110001101		10.188177
	110001110		9.773139
	110001111		9.773139
	110010000		8.188177
	110010001		9.188177
	110010010		8.965784
	110010011		8.603214
	110010100		8.773139
	110010101		8.773139
	110010110		9.773139
	110010111		8.773139
	110011000		8.773139
	110011001		9.773139
	110011010		9.188177
	110011011		9.188177
	110011100		9.773139
	110011101		9.451211
	110011110		9.773139
	110011111		8.965784
	110100000		8.965784
	110100001		8.773139
	110100010		8.451211
	110100011		9.451211
	110100100		7.965784
	110100101		9.188177
	110100110		9.188177
	110100111		9.188177
	110101000		9.188177
	110101001		10.773139
	110101010		8.313707
	110101011		8.451211
	110101100		7.965784
	110101101		9.451211
	110101110		7.866249
	110101111		8.603214
	110110000		9.188177
	110110001		9.188177
	110110010		8.188177
	110110011		8.773139
	110110100		9.451211
	110110101		8.965784
	110110110		8.965784
	110110111		9.773139
	110111000		10.773139
	110111001		9.773139
	110111010		9.451211
	110111011		9.188177
	110111100		8.965784
	110111101		9.451211
	110111110		8.313707
	110111111		8.965784
	111000000		8.603214
	111000001		9.451211
	111000010		9.451211
	111000011		9.451211
	111000100		8.965784
	111000101		8.603214
	111000110		8.451211
	111000111		9.451211
	111001000		9.451211
	111001001		9.451211
	111001010		8.965784
	111001011		8.451211
	111001100		10.188177
	111001101		8.965784
	111001110		8.965784
	111001111		8.965784
	111010000		8.313707
	111010001		9.188177
	111010010		9.188177
	111010011		9.773139
	111010100		9.188177
	111010101		9.188177
	111010110		9.773139
	111010111		9.188177
	111011000		8.451211
	111011001		8.965784
	111011010		8.603214
	111011011		8.313707
	111011100		9.773139
	111011101		9.451211
	111011110		10.188177
	111011111		8.451211
	111100000		8.603214
	111100001		8.451211
	111100010		9.451211
	111100011		9.773139
	111100100		8.773139
	111100101		9.188177
	111100110		9.188177
	111100111		8.773139
	111101000		9.451211
	111101001		9.188177
	111101010		8.603214
	111101011		8.451211
	111101100		8.965784
	111101101		9.773139
	111101110		9.188177
	111101111		9.188177
	111110000		8.072700
	111110001		8.313707
	111110010		10.188177
	111110011		8.451211
	111110100		9.188177
	111110101		10.773139
	111110110		8.603214
	111110111		8.313707
	111111000		9.188177
	111111001		9.773139
	111111010		8.773139
	111111011		8.773139
	111111100		10.188177
	111111101		9.773139
	111111110		9.773139
	111111111		8.965784

Entropia=8.884226
